Results for KrasHras with no augmentations
8 Channeled, 0.7|0.1|0.2 training/validation/test split

3D CNN 1:
	CONV3D 32 4x4x4 2x2x2
	POOL3D 2x2x2
	CONV3D 32 4x4x4 2x2x2
	POOL3D 2x2x2
	DENSE 128	

179,658 parameters
32.60 iterations/sec

# LABELS: epoch, loss, acc, val_loss, val_acc
0.000, 0.676, 0.626, 0.635, 0.783
1.000, 0.555, 0.681, 0.541, 0.739
2.000, 0.462, 0.785, 0.514, 0.826
3.000, 0.378, 0.828, 0.477, 0.826
4.000, 0.295, 0.902, 0.353, 0.870
5.000, 0.190, 0.969, 0.283, 0.870
6.000, 0.143, 0.982, 0.276, 0.870
7.000, 0.073, 1.000, 0.205, 0.957
8.000, 0.053, 0.994, 0.180, 0.957
9.000, 0.057, 0.994, 0.188, 0.913
10.000, 0.030, 1.000, 0.163, 0.913
11.000, 0.024, 1.000, 0.153, 0.913
12.000, 0.016, 1.000, 0.138, 0.957
13.000, 0.014, 1.000, 0.157, 0.913
14.000, 0.009, 1.000, 0.129, 0.957
15.000, 0.012, 1.000, 0.143, 0.957
16.000, 0.013, 1.000, 0.120, 0.957
17.000, 0.007, 1.000, 0.115, 0.957
18.000, 0.006, 1.000, 0.112, 0.957
19.000, 0.003, 1.000, 0.125, 0.957
# Test [loss, acc]: 0.30374667, 0.875

3D CNN 2:
	CONV3D 32 5x5x5 2x2x2
	POOL3D 2x2x2
	CONV3D 32 5x5x5 2x2x2
	POOL3D 2x2x2
	DENSE 128	

244,074 parameters
32.60 iterations/sec

# LABELS: epoch, loss, acc, val_loss, val_acc
0.000, 0.669, 0.620, 0.590, 0.870
1.000, 0.522, 0.730, 0.509, 0.957
2.000, 0.449, 0.810, 0.407, 0.913
3.000, 0.326, 0.871, 0.364, 0.870
4.000, 0.269, 0.933, 0.243, 0.957
5.000, 0.161, 0.969, 0.190, 0.957
6.000, 0.114, 0.963, 0.154, 0.957
7.000, 0.077, 0.982, 0.156, 0.957
8.000, 0.044, 1.000, 0.138, 0.957
9.000, 0.033, 1.000, 0.091, 0.957
10.000, 0.016, 1.000, 0.105, 0.957
11.000, 0.014, 1.000, 0.102, 0.957
12.000, 0.014, 1.000, 0.075, 0.957
13.000, 0.014, 1.000, 0.090, 0.957
14.000, 0.008, 1.000, 0.062, 0.957
15.000, 0.007, 1.000, 0.067, 1.000
16.000, 0.007, 1.000, 0.057, 1.000
17.000, 0.004, 1.000, 0.056, 0.957
18.000, 0.017, 0.994, 0.379, 0.826
19.000, 0.067, 0.982, 0.069, 1.000
# Test [loss, acc]: 0.1671115, 0.9166667

3D CNN 3:
	CONV3D 32 6x6x6 2x2x2
	POOL3D 2x2x2
	CONV3D 32 6x6x6 2x2x2
	POOL3D 2x2x2
	DENSE 128	

262,346 parameters
27.5 iterations/sec

# LABELS: epoch, loss, acc, val_loss, val_acc
0.000, 0.654, 0.613, 0.686, 0.565
1.000, 0.504, 0.730, 0.507, 0.783
2.000, 0.392, 0.834, 0.419, 0.826
3.000, 0.301, 0.926, 0.333, 0.783
4.000, 0.203, 0.939, 0.265, 0.870
5.000, 0.115, 0.975, 0.211, 0.913
6.000, 0.077, 0.988, 0.239, 0.826
7.000, 0.027, 1.000, 0.199, 0.913
8.000, 0.020, 1.000, 0.162, 0.913
9.000, 0.029, 0.994, 0.173, 0.913
10.000, 0.027, 0.994, 0.181, 0.870
11.000, 0.029, 0.988, 0.137, 0.957
12.000, 0.014, 1.000, 0.173, 0.913
13.000, 0.007, 1.000, 0.151, 0.913
14.000, 0.004, 1.000, 0.189, 0.913
15.000, 0.003, 1.000, 0.187, 0.913
16.000, 0.004, 1.000, 0.191, 0.913
17.000, 0.001, 1.000, 0.253, 0.826
18.000, 0.003, 1.000, 0.203, 0.913
19.000, 0.002, 1.000, 0.280, 0.826
# Test [loss, acc]: 0.3066695, 0.8333333


2D CNN 1:
	CONV2D 32 8x8 3x3
	POOL2D 3x3
	CONV2D 32 8x8 3x3
	POOL2D 3x3
	DENSE 128	

171,466 parameters
81.5 iterations/sec

# LABELS: epoch, loss, acc, val_loss, val_acc
0.000, 0.655, 0.644, 0.576, 0.783
1.000, 0.560, 0.699, 0.505, 0.913
2.000, 0.452, 0.798, 0.472, 0.913
3.000, 0.377, 0.871, 0.404, 1.000
4.000, 0.312, 0.865, 0.318, 1.000
5.000, 0.204, 0.975, 0.229, 0.957
6.000, 0.157, 0.969, 0.199, 1.000
7.000, 0.098, 0.994, 0.167, 0.957
8.000, 0.086, 0.994, 0.140, 0.957
9.000, 0.064, 0.994, 0.148, 0.957
10.000, 0.043, 0.994, 0.122, 0.957
11.000, 0.045, 0.994, 0.122, 0.957
12.000, 0.030, 1.000, 0.113, 0.957
13.000, 0.018, 1.000, 0.114, 0.957
14.000, 0.018, 1.000, 0.108, 0.957
15.000, 0.014, 1.000, 0.088, 0.957
16.000, 0.011, 1.000, 0.075, 0.957
17.000, 0.010, 1.000, 0.063, 0.957
18.000, 0.008, 1.000, 0.123, 0.957
19.000, 0.007, 1.000, 0.079, 0.957
# Test [loss, acc]: 0.18825679, 0.9166667

2D CNN 2:
	CONV2D 32 11x11 3x3
	POOL2D 3x3
	CONV2D 32 11x11 3x3
	POOL2D 3x3
	DENSE 128	

231,658 parameters
75.88 iterations/sec

# LABELS: epoch, loss, acc, val_loss, val_acc
0.000, 0.652, 0.638, 0.581, 0.783
1.000, 0.544, 0.706, 0.575, 0.826
2.000, 0.443, 0.816, 0.463, 0.826
3.000, 0.336, 0.865, 0.354, 0.957
4.000, 0.253, 0.933, 0.231, 0.957
5.000, 0.143, 0.982, 0.170, 0.957
6.000, 0.121, 0.957, 0.154, 0.957
7.000, 0.057, 0.994, 0.131, 0.957
8.000, 0.037, 1.000, 0.128, 0.957
9.000, 0.048, 0.994, 0.109, 0.957
10.000, 0.028, 1.000, 0.093, 0.957
11.000, 0.021, 1.000, 0.096, 0.957
12.000, 0.013, 1.000, 0.092, 0.957
13.000, 0.009, 1.000, 0.130, 0.957
14.000, 0.016, 1.000, 0.093, 0.957
15.000, 0.020, 0.994, 0.070, 0.957
16.000, 0.010, 1.000, 0.062, 0.957
17.000, 0.005, 1.000, 0.063, 0.957
18.000, 0.004, 1.000, 0.072, 0.957
19.000, 0.002, 1.000, 0.085, 0.957
# Test [loss, acc]: 0.20082372, 0.9166667


2D CNN 3:
	CONV2D 32 15x15 3x3
	POOL2D 3x3
	CONV2D 32 15x15 3x3
	POOL2D 3x3
	DENSE 128	

304,618 parameters
75.88 iterations/sec

# LABELS: epoch, loss, acc, val_loss, val_acc
0.000, 0.653, 0.650, 0.586, 0.870
1.000, 0.516, 0.724, 0.448, 0.957
2.000, 0.412, 0.822, 0.377, 0.870
3.000, 0.286, 0.914, 0.261, 0.913
4.000, 0.201, 0.945, 0.211, 0.913
5.000, 0.110, 0.988, 0.165, 0.957
6.000, 0.054, 1.000, 0.115, 0.957
7.000, 0.052, 0.975, 0.105, 0.957
8.000, 0.019, 1.000, 0.082, 1.000
9.000, 0.016, 1.000, 0.076, 0.957
10.000, 0.010, 1.000, 0.064, 0.957
11.000, 0.010, 1.000, 0.084, 0.957
12.000, 0.009, 1.000, 0.063, 0.957
13.000, 0.007, 1.000, 0.069, 0.957
14.000, 0.004, 1.000, 0.068, 0.957
15.000, 0.003, 1.000, 0.074, 1.000
16.000, 0.004, 1.000, 0.077, 1.000
17.000, 0.002, 1.000, 0.076, 1.000
18.000, 0.003, 1.000, 0.090, 0.957
19.000, 0.001, 1.000, 0.070, 0.957
# Test [loss, acc]: 0.18730684, 0.9166667

1D CNN 1:
	CONV1D 32 64 9
	POOL1D 9
	CONV1D 32 64 9
	POOL1D 9
	DENSE 128	

228,810 parameters
45.02 iterations/sec

# LABELS: epoch, loss, acc, val_loss, val_acc
0.000, 0.655, 0.638, 0.554, 0.826
1.000, 0.554, 0.693, 0.478, 0.913
2.000, 0.450, 0.798, 0.417, 0.913
3.000, 0.378, 0.847, 0.350, 0.870
4.000, 0.297, 0.939, 0.279, 0.957
5.000, 0.194, 0.982, 0.184, 1.000
6.000, 0.141, 0.975, 0.206, 0.913
7.000, 0.087, 0.982, 0.151, 1.000
8.000, 0.061, 0.994, 0.130, 0.913
9.000, 0.055, 0.994, 0.128, 0.957
10.000, 0.030, 1.000, 0.098, 1.000
11.000, 0.029, 1.000, 0.091, 0.957
12.000, 0.017, 1.000, 0.091, 1.000
13.000, 0.014, 1.000, 0.123, 0.913
14.000, 0.013, 1.000, 0.078, 1.000
15.000, 0.016, 0.994, 0.085, 0.957
16.000, 0.011, 1.000, 0.069, 1.000
17.000, 0.006, 1.000, 0.085, 0.957
18.000, 0.007, 1.000, 0.060, 1.000
19.000, 0.003, 1.000, 0.056, 1.000
# Test [loss, acc]: 0.27520368, 0.875


1D CNN 2:
	CONV1D 32 121 9
	POOL1D 9
	CONV1D 32 121 9
	POOL1D 9
	DENSE 128	

284,904 parameters
45.86 iterations/sec

# LABELS: epoch, loss, acc, val_loss, val_acc
0.000, 0.652, 0.626, 0.582, 0.783
1.000, 0.535, 0.687, 0.486, 0.957
2.000, 0.426, 0.798, 0.423, 0.826
3.000, 0.337, 0.865, 0.344, 0.957
4.000, 0.261, 0.920, 0.228, 0.957
5.000, 0.153, 0.969, 0.169, 0.957
6.000, 0.105, 0.982, 0.149, 0.913
7.000, 0.054, 1.000, 0.140, 0.913
8.000, 0.052, 0.988, 0.163, 0.913
9.000, 0.039, 0.994, 0.111, 1.000
10.000, 0.022, 0.994, 0.112, 0.913
11.000, 0.027, 0.994, 0.081, 0.957
12.000, 0.011, 1.000, 0.070, 0.957
13.000, 0.010, 1.000, 0.137, 0.913
14.000, 0.009, 1.000, 0.069, 0.957
15.000, 0.010, 1.000, 0.078, 1.000
16.000, 0.013, 0.994, 0.065, 1.000
17.000, 0.004, 1.000, 0.066, 1.000
18.000, 0.004, 1.000, 0.059, 1.000
19.000, 0.002, 1.000, 0.077, 0.957
# Test [loss, acc]: 0.23208229, 0.875

1D CNN 3:
	CONV1D 32 225 9
	POOL1D 9
	CONV1D 32 225 9
	POOL1D 9
	DENSE 128	

390,634 parameters
48.20 iterations/sec

# LABELS: epoch, loss, acc, val_loss, val_acc
0.000, 0.660, 0.638, 0.606, 0.826
1.000, 0.527, 0.718, 0.578, 0.696
2.000, 0.396, 0.828, 0.395, 0.870
3.000, 0.315, 0.865, 0.289, 0.913
4.000, 0.195, 0.957, 0.226, 0.913
5.000, 0.090, 0.994, 0.161, 0.913
6.000, 0.072, 0.982, 0.145, 0.957
7.000, 0.037, 0.994, 0.146, 0.957
8.000, 0.030, 0.994, 0.165, 0.913
9.000, 0.018, 1.000, 0.107, 0.957
10.000, 0.012, 1.000, 0.096, 0.957
11.000, 0.031, 0.988, 0.117, 0.957
12.000, 0.011, 1.000, 0.088, 0.957
13.000, 0.007, 1.000, 0.105, 0.957
14.000, 0.003, 1.000, 0.094, 0.957
15.000, 0.003, 1.000, 0.109, 0.913
16.000, 0.002, 1.000, 0.091, 0.957
17.000, 0.002, 1.000, 0.087, 0.913
18.000, 0.001, 1.000, 0.084, 0.913
19.000, 0.001, 1.000, 0.092, 0.957
# Test [loss, acc]: 0.25135818, 0.875



