Results for KrasHras with no augmentations
1 Channeled, 0.7|0.1|0.2 training/validation/test split

3D CNN 1:
	CONV3D 32 4x4x4 2x2x2
	POOL3D 2x2x2
	CONV3D 32 4x4x4 2x2x2
	POOL3D 2x2x2
	DENSE 128
	DROPOUT 0.5

178,626 parameters
38.4 iterations/sec

# LABELS: epoch, loss, acc, val_loss, val_acc
0.000, 0.595, 0.693, 0.406, 0.875
1.000, 0.467, 0.746, 0.302, 0.938
2.000, 0.369, 0.860, 0.241, 0.938
3.000, 0.367, 0.851, 0.217, 0.938
4.000, 0.273, 0.877, 0.187, 0.938
5.000, 0.235, 0.895, 0.131, 1.000
6.000, 0.235, 0.921, 0.170, 0.938
7.000, 0.196, 0.939, 0.110, 1.000
8.000, 0.167, 0.939, 0.077, 1.000
9.000, 0.119, 0.974, 0.083, 1.000
10.000, 0.134, 0.956, 0.085, 0.938
11.000, 0.057, 0.991, 0.066, 0.938
12.000, 0.086, 0.974, 0.035, 1.000
13.000, 0.067, 0.974, 0.060, 0.938
14.000, 0.052, 0.982, 0.033, 1.000
15.000, 0.042, 0.991, 0.032, 1.000
16.000, 0.030, 1.000, 0.044, 1.000
17.000, 0.028, 0.991, 0.101, 0.938
18.000, 0.020, 1.000, 0.021, 1.000
19.000, 0.018, 1.000, 0.025, 1.000
# Test [loss, acc]: 0.59049237, 0.6666667

3D CNN 2:
	CONV3D 32 5x5x5 2x2x2
	POOL3D 2x2x2
	CONV3D 32 5x5x5 2x2x2
	POOL3D 2x2x2
	DENSE 128
	DROPOUT 0.5

243,042 parameters
39.60 iterations/sec

# LABELS: epoch, loss, acc, val_loss, val_acc
0.000, 0.580, 0.693, 0.386, 0.875
1.000, 0.451, 0.754, 0.248, 0.938
2.000, 0.311, 0.895, 0.195, 0.938
3.000, 0.300, 0.895, 0.193, 0.875
4.000, 0.222, 0.921, 0.132, 0.938
5.000, 0.199, 0.930, 0.099, 1.000
6.000, 0.150, 0.939, 0.183, 0.938
7.000, 0.145, 0.956, 0.124, 0.938
8.000, 0.108, 0.965, 0.101, 0.938
9.000, 0.076, 0.974, 0.140, 0.938
10.000, 0.066, 0.991, 0.065, 0.938
11.000, 0.028, 1.000, 0.131, 0.938
12.000, 0.041, 0.982, 0.061, 1.000
13.000, 0.039, 1.000, 0.101, 0.938
14.000, 0.016, 1.000, 0.145, 0.938
15.000, 0.013, 1.000, 0.145, 0.938
16.000, 0.020, 1.000, 0.182, 0.938
17.000, 0.013, 1.000, 0.234, 0.938
18.000, 0.006, 1.000, 0.131, 0.938
19.000, 0.011, 1.000, 0.111, 0.938
# Test [loss, acc]: 0.57992995, 0.6666667

3D CNN 3:
	CONV3D 32 6x6x6 2x2x2
	POOL3D 2x2x2
	CONV3D 32 6x6x6 2x2x2
	POOL3D 2x2x2
	DENSE 128
	DROPOUT 0.5

261,314 parameters
37.15 iterations/sec

# LABELS: epoch, loss, acc, val_loss, val_acc
0.000, 0.593, 0.693, 0.394, 0.875
1.000, 0.465, 0.754, 0.313, 0.938
2.000, 0.376, 0.860, 0.235, 0.938
3.000, 0.333, 0.868, 0.191, 1.000
4.000, 0.244, 0.921, 0.160, 1.000
5.000, 0.170, 0.912, 0.129, 0.938
6.000, 0.126, 0.965, 0.117, 0.938
7.000, 0.133, 0.947, 0.066, 1.000
8.000, 0.088, 0.991, 0.078, 0.938
9.000, 0.052, 1.000, 0.085, 0.938
10.000, 0.067, 0.991, 0.071, 0.938
11.000, 0.023, 1.000, 0.072, 0.938
12.000, 0.017, 1.000, 0.070, 0.938
13.000, 0.022, 0.991, 0.053, 0.938
14.000, 0.018, 1.000, 0.091, 0.938
15.000, 0.020, 1.000, 0.045, 1.000
16.000, 0.008, 1.000, 0.106, 0.938
17.000, 0.013, 1.000, 0.180, 0.938
18.000, 0.008, 1.000, 0.063, 0.938
19.000, 0.011, 1.000, 0.062, 0.938
# Test [loss, acc]: 0.5820854, 0.6666667

2D CNN 1:
	CONV2D 32 8x8 3x3
	POOL2D 3x3
	CONV2D 32 8x8 3x3
	POOL2D 3x3
	DENSE 128
	DROPOUT 0.5

170,434 parameters
97.19 iterations/sec

# LABELS: epoch, loss, acc, val_loss, val_acc
0.000, 0.584, 0.702, 0.398, 0.938
1.000, 0.444, 0.807, 0.331, 0.938
2.000, 0.353, 0.851, 0.241, 0.938
3.000, 0.360, 0.851, 0.266, 0.938
4.000, 0.277, 0.886, 0.184, 0.938
5.000, 0.241, 0.912, 0.167, 1.000
6.000, 0.198, 0.921, 0.134, 1.000
7.000, 0.195, 0.904, 0.102, 1.000
8.000, 0.149, 0.947, 0.086, 1.000
9.000, 0.111, 0.974, 0.125, 0.938
10.000, 0.127, 0.974, 0.094, 0.938
11.000, 0.077, 0.991, 0.080, 0.938
12.000, 0.049, 1.000, 0.055, 1.000
13.000, 0.062, 0.982, 0.064, 0.938
14.000, 0.030, 1.000, 0.055, 1.000
15.000, 0.037, 1.000, 0.041, 1.000
16.000, 0.033, 1.000, 0.043, 1.000
17.000, 0.028, 0.991, 0.092, 0.938
18.000, 0.024, 1.000, 0.034, 1.000
19.000, 0.014, 1.000, 0.012, 1.000
# Test [loss, acc]: 0.57438916, 0.6666667


2D CNN 2:
	CONV2D 32 11x11 3x3
	POOL2D 3x3
	CONV2D 32 11x11 3x3
	POOL2D 3x3
	DENSE 128
	DROPOUT 0.5

230,626 parameters
90.12 iterations/sec

# LABELS: epoch, loss, acc, val_loss, val_acc
0.000, 0.555, 0.746, 0.364, 0.938
1.000, 0.400, 0.816, 0.267, 0.938
2.000, 0.342, 0.833, 0.207, 0.938
3.000, 0.326, 0.851, 0.209, 0.938
4.000, 0.227, 0.921, 0.135, 1.000
5.000, 0.206, 0.939, 0.120, 1.000
6.000, 0.176, 0.921, 0.128, 0.938
7.000, 0.145, 0.965, 0.073, 1.000
8.000, 0.138, 0.947, 0.064, 1.000
9.000, 0.086, 0.982, 0.058, 1.000
10.000, 0.082, 0.965, 0.073, 0.938
11.000, 0.038, 1.000, 0.035, 1.000
12.000, 0.039, 0.982, 0.020, 1.000
13.000, 0.036, 1.000, 0.040, 1.000
14.000, 0.023, 1.000, 0.016, 1.000
15.000, 0.028, 1.000, 0.020, 1.000
16.000, 0.014, 1.000, 0.026, 1.000
17.000, 0.012, 1.000, 0.075, 0.938
18.000, 0.008, 1.000, 0.026, 1.000
19.000, 0.009, 1.000, 0.009, 1.000
# Test [loss, acc]: 0.56418204, 0.72727275

2D CNN 3:
	CONV2D 32 15x15 3x3
	POOL2D 3x3
	CONV2D 32 15x15 3x3
	POOL2D 3x3
	DENSE 128
	DROPOUT 0.5

303,586 parameters
78.19 iterations/sec

# LABELS: epoch, loss, acc, val_loss, val_acc
0.000, 0.589, 0.693, 0.386, 0.938
1.000, 0.414, 0.833, 0.246, 0.938
2.000, 0.309, 0.868, 0.166, 0.938
3.000, 0.305, 0.868, 0.177, 1.000
4.000, 0.217, 0.921, 0.124, 1.000
5.000, 0.186, 0.939, 0.097, 1.000
6.000, 0.117, 0.974, 0.091, 0.938
7.000, 0.106, 0.982, 0.077, 1.000
8.000, 0.081, 0.982, 0.054, 1.000
9.000, 0.043, 1.000, 0.043, 1.000
10.000, 0.034, 1.000, 0.029, 1.000
11.000, 0.019, 1.000, 0.028, 1.000
12.000, 0.036, 0.982, 0.017, 1.000
13.000, 0.025, 1.000, 0.034, 1.000
14.000, 0.009, 1.000, 0.025, 1.000
15.000, 0.010, 1.000, 0.037, 1.000
16.000, 0.026, 0.991, 0.061, 0.938
17.000, 0.010, 1.000, 0.059, 0.938
18.000, 0.006, 1.000, 0.018, 1.000
19.000, 0.004, 1.000, 0.021, 1.000
# Test [loss, acc]: 0.57517195, 0.6666667

1D CNN 1:
	CONV1D 32 64 9
	POOL1D 9
	CONV1D 32 64 9
	POOL1D 9
	DENSE 128
	DROPOUT 0.5

227,778 parameters
81.57 iterations/sec

# LABELS: epoch, loss, acc, val_loss, val_acc
0.000, 0.574, 0.719, 0.397, 0.938
1.000, 0.399, 0.833, 0.292, 0.938
2.000, 0.356, 0.860, 0.246, 0.938
3.000, 0.331, 0.860, 0.221, 0.938
4.000, 0.263, 0.886, 0.169, 1.000
5.000, 0.253, 0.904, 0.150, 1.000
6.000, 0.186, 0.930, 0.136, 0.938
7.000, 0.182, 0.912, 0.090, 1.000
8.000, 0.152, 0.956, 0.090, 1.000
9.000, 0.108, 0.982, 0.094, 0.938
10.000, 0.121, 0.947, 0.106, 0.938
11.000, 0.050, 1.000, 0.067, 1.000
12.000, 0.056, 0.991, 0.046, 1.000
13.000, 0.051, 0.991, 0.070, 1.000
14.000, 0.020, 1.000, 0.060, 0.938
15.000, 0.038, 0.982, 0.035, 1.000
16.000, 0.028, 1.000, 0.086, 0.938
17.000, 0.013, 1.000, 0.084, 0.938
18.000, 0.014, 1.000, 0.030, 1.000
19.000, 0.012, 1.000, 0.044, 1.000
# Test [loss, acc]: 0.5752296, 0.72727275

1D CNN 2:
	CONV1D 32 121 9
	POOL1D 9
	CONV1D 32 121 9
	POOL1D 9
	DENSE 128
	DROPOUT 0.5

283,874 parameters
79.21 iterations/sec

# LABELS: epoch, loss, acc, val_loss, val_acc
0.000, 0.562, 0.711, 0.377, 0.938
1.000, 0.383, 0.842, 0.245, 0.938
2.000, 0.319, 0.842, 0.214, 0.938
3.000, 0.298, 0.877, 0.180, 1.000
4.000, 0.189, 0.904, 0.117, 1.000
5.000, 0.174, 0.930, 0.120, 0.938
6.000, 0.114, 0.974, 0.095, 0.938
7.000, 0.091, 0.982, 0.070, 0.938
8.000, 0.090, 0.956, 0.081, 0.938
9.000, 0.059, 0.991, 0.120, 0.938
10.000, 0.062, 0.982, 0.079, 0.938
11.000, 0.032, 0.991, 0.074, 0.938
12.000, 0.018, 1.000, 0.050, 0.938
13.000, 0.018, 1.000, 0.110, 0.938
14.000, 0.007, 1.000, 0.081, 0.938
15.000, 0.016, 1.000, 0.049, 0.938
16.000, 0.018, 0.991, 0.104, 0.938
17.000, 0.013, 0.991, 0.279, 0.875
18.000, 0.012, 1.000, 0.047, 0.938
19.000, 0.006, 1.000, 0.048, 0.938
# Test [loss, acc]: 0.56084263, 0.72727275

1D CNN 3:
	CONV1D 32 225 9
	POOL1D 9
	CONV1D 32 225 9
	POOL1D 9
	DENSE 128
	DROPOUT 0.5

389,602 parameters
73.67 iterations/sec

# LABELS: epoch, loss, acc, val_loss, val_acc
0.000, 0.574, 0.711, 0.379, 0.938
1.000, 0.408, 0.825, 0.225, 0.938
2.000, 0.335, 0.842, 0.209, 0.938
3.000, 0.313, 0.860, 0.181, 0.938
4.000, 0.206, 0.930, 0.139, 0.938
5.000, 0.144, 0.965, 0.111, 0.938
6.000, 0.097, 0.965, 0.129, 0.938
7.000, 0.104, 0.974, 0.116, 0.938
8.000, 0.062, 1.000, 0.065, 0.938
9.000, 0.034, 0.991, 0.087, 0.938
10.000, 0.021, 1.000, 0.046, 1.000
11.000, 0.024, 0.991, 0.145, 0.938
12.000, 0.010, 1.000, 0.033, 1.000
13.000, 0.007, 1.000, 0.058, 0.938
14.000, 0.002, 1.000, 0.056, 0.938
15.000, 0.008, 1.000, 0.091, 0.938
16.000, 0.006, 1.000, 0.142, 0.938
17.000, 0.008, 1.000, 0.178, 0.938
18.000, 0.007, 1.000, 0.015, 1.000
19.000, 0.004, 1.000, 0.007, 1.000
# Test [loss, acc]: 0.5679739, 0.72727275
