Results for KrasHras with no augmentations
8 Channeled, 0.7|0.1|0.2 training/validation/test split

3D CNN 1:
	CONV3D 32 4x4x4 2x2x2
	POOL3D 2x2x2
	CONV3D 32 4x4x4 2x2x2
	POOL3D 2x2x2
	DENSE 128	

179,658 parameters
32.60 iterations/sec

# LABELS: epoch, loss, acc, val_loss, val_acc
0.000, 0.672, 0.620, 0.619, 0.870
1.000, 0.554, 0.675, 0.558, 0.826
2.000, 0.480, 0.779, 0.526, 0.783
3.000, 0.404, 0.828, 0.402, 0.870
4.000, 0.318, 0.902, 0.377, 0.870
5.000, 0.237, 0.933, 0.288, 0.870
6.000, 0.175, 0.969, 0.340, 0.826
7.000, 0.111, 0.975, 0.250, 0.913
8.000, 0.092, 0.988, 0.170, 0.913
9.000, 0.066, 0.994, 0.164, 0.913
10.000, 0.038, 0.994, 0.157, 0.913
11.000, 0.030, 1.000, 0.154, 0.913
12.000, 0.023, 1.000, 0.161, 0.957
13.000, 0.018, 1.000, 0.157, 0.913
14.000, 0.013, 1.000, 0.157, 0.913
15.000, 0.011, 1.000, 0.150, 0.913
16.000, 0.009, 1.000, 0.156, 0.913
17.000, 0.015, 1.000, 0.143, 0.913
18.000, 0.008, 1.000, 0.149, 0.913
19.000, 0.003, 1.000, 0.141, 0.913
# Test [loss, acc]: 0.27433273, 0.875

3D CNN 2:
	CONV3D 32 5x5x5 2x2x2
	POOL3D 2x2x2
	CONV3D 32 5x5x5 2x2x2
	POOL3D 2x2x2
	DENSE 128	

244,074 parameters
32.60 iterations/sec

# LABELS: epoch, loss, acc, val_loss, val_acc
0.000, 0.668, 0.607, 0.600, 0.826
1.000, 0.527, 0.724, 0.595, 0.696
2.000, 0.439, 0.840, 0.491, 0.783
3.000, 0.315, 0.896, 0.398, 0.783
4.000, 0.248, 0.933, 0.350, 0.870
5.000, 0.140, 0.975, 0.229, 0.913
6.000, 0.102, 0.975, 0.208, 0.870
7.000, 0.065, 0.982, 0.200, 0.870
8.000, 0.051, 0.994, 0.192, 0.870
9.000, 0.047, 0.994, 0.150, 0.913
10.000, 0.025, 0.994, 0.182, 0.870
11.000, 0.014, 1.000, 0.169, 0.913
12.000, 0.009, 1.000, 0.211, 0.913
13.000, 0.006, 1.000, 0.165, 0.913
14.000, 0.006, 1.000, 0.179, 0.913
15.000, 0.005, 1.000, 0.210, 0.870
16.000, 0.007, 1.000, 0.225, 0.870
17.000, 0.005, 1.000, 0.202, 0.870
18.000, 0.008, 1.000, 0.161, 0.913
19.000, 0.002, 1.000, 0.198, 0.870
# Test [loss, acc]: 0.2850812, 0.875

3D CNN 3:
	CONV3D 32 6x6x6 2x2x2
	POOL3D 2x2x2
	CONV3D 32 6x6x6 2x2x2
	POOL3D 2x2x2
	DENSE 128	

262,346 parameters
27.5 iterations/sec

# LABELS: epoch, loss, acc, val_loss, val_acc
0.000, 0.667, 0.626, 0.634, 0.826
1.000, 0.534, 0.730, 0.614, 0.609
2.000, 0.416, 0.834, 0.456, 0.783
3.000, 0.289, 0.877, 0.357, 0.870
4.000, 0.188, 0.951, 0.402, 0.783
5.000, 0.110, 0.969, 0.204, 0.913
6.000, 0.093, 0.988, 0.316, 0.870
7.000, 0.040, 0.994, 0.219, 0.913
8.000, 0.039, 0.988, 0.225, 0.913
9.000, 0.022, 1.000, 0.187, 0.826
10.000, 0.018, 0.994, 0.194, 0.913
11.000, 0.009, 1.000, 0.184, 0.826
12.000, 0.012, 1.000, 0.257, 0.870
13.000, 0.009, 1.000, 0.205, 0.913
14.000, 0.004, 1.000, 0.215, 0.913
15.000, 0.003, 1.000, 0.292, 0.870
16.000, 0.004, 1.000, 0.395, 0.870
17.000, 0.012, 1.000, 0.302, 0.870
18.000, 0.077, 0.988, 0.249, 0.913
19.000, 0.006, 1.000, 0.159, 0.957
# Test [loss, acc]: 0.37558913, 0.8541667

2D CNN 1:
	CONV2D 32 8x8 3x3
	POOL2D 3x3
	CONV2D 32 8x8 3x3
	POOL2D 3x3
	DENSE 128	

171,466 parameters
81.5 iterations/sec

# LABELS: epoch, loss, acc, val_loss, val_acc
0.000, 0.655, 0.644, 0.598, 0.783
1.000, 0.565, 0.675, 0.549, 0.870
2.000, 0.470, 0.779, 0.510, 0.913
3.000, 0.387, 0.859, 0.407, 0.957
4.000, 0.319, 0.890, 0.347, 0.957
5.000, 0.231, 0.951, 0.274, 0.957
6.000, 0.191, 0.951, 0.268, 0.913
7.000, 0.112, 0.982, 0.206, 0.957
8.000, 0.089, 0.994, 0.176, 0.957
9.000, 0.072, 0.994, 0.149, 0.957
10.000, 0.052, 0.994, 0.143, 0.957
11.000, 0.040, 0.994, 0.157, 0.957
12.000, 0.032, 0.994, 0.163, 0.957
13.000, 0.024, 1.000, 0.119, 0.957
14.000, 0.016, 1.000, 0.131, 0.870
15.000, 0.015, 1.000, 0.126, 0.957
16.000, 0.014, 1.000, 0.131, 0.957
17.000, 0.019, 0.994, 0.099, 0.957
18.000, 0.011, 1.000, 0.120, 0.870
19.000, 0.005, 1.000, 0.116, 0.957
# Test [loss, acc]: 0.40629116, 0.8125

2D CNN 2:
	CONV2D 32 11x11 3x3
	POOL2D 3x3
	CONV2D 32 11x11 3x3
	POOL2D 3x3
	DENSE 128	

231,658 parameters
75.88 iterations/sec

# LABELS: epoch, loss, acc, val_loss, val_acc
0.000, 0.644, 0.626, 0.612, 0.783
1.000, 0.552, 0.706, 0.577, 0.826
2.000, 0.418, 0.816, 0.517, 0.826
3.000, 0.380, 0.853, 0.391, 0.913
4.000, 0.274, 0.945, 0.374, 0.870
5.000, 0.166, 0.982, 0.271, 0.913
6.000, 0.125, 0.975, 0.316, 0.870
7.000, 0.092, 0.975, 0.212, 0.913
8.000, 0.061, 0.994, 0.210, 0.913
9.000, 0.047, 0.994, 0.180, 0.913
10.000, 0.034, 0.994, 0.179, 0.913
11.000, 0.019, 1.000, 0.176, 0.913
12.000, 0.022, 1.000, 0.240, 0.913
13.000, 0.013, 1.000, 0.188, 0.913
14.000, 0.023, 0.994, 0.189, 0.957
15.000, 0.008, 1.000, 0.170, 0.913
16.000, 0.007, 1.000, 0.197, 0.913
17.000, 0.005, 1.000, 0.209, 0.957
18.000, 0.008, 1.000, 0.230, 0.870
19.000, 0.004, 1.000, 0.210, 0.913
# Test [loss, acc]: 0.3129723, 0.8333333

2D CNN 3:
	CONV2D 32 15x15 3x3
	POOL2D 3x3
	CONV2D 32 15x15 3x3
	POOL2D 3x3
	DENSE 128	

304,618 parameters
75.88 iterations/sec

# LABELS: epoch, loss, acc, val_loss, val_acc
0.000, 0.654, 0.632, 0.630, 0.826
1.000, 0.505, 0.767, 0.545, 0.739
2.000, 0.386, 0.834, 0.464, 0.783
3.000, 0.269, 0.920, 0.345, 0.826
4.000, 0.178, 0.963, 0.410, 0.783
5.000, 0.093, 0.994, 0.166, 0.870
6.000, 0.073, 0.982, 0.153, 0.957
7.000, 0.044, 0.994, 0.150, 0.913
8.000, 0.041, 0.994, 0.146, 0.957
9.000, 0.023, 1.000, 0.147, 0.870
10.000, 0.024, 0.994, 0.147, 0.870
11.000, 0.010, 1.000, 0.145, 0.870
12.000, 0.005, 1.000, 0.148, 0.957
13.000, 0.004, 1.000, 0.131, 0.913
14.000, 0.004, 1.000, 0.139, 0.913
15.000, 0.003, 1.000, 0.139, 0.957
16.000, 0.003, 1.000, 0.147, 0.957
17.000, 0.003, 1.000, 0.149, 0.957
18.000, 0.002, 1.000, 0.142, 0.913
19.000, 0.001, 1.000, 0.151, 0.957
# Test [loss, acc]: 0.27770004, 0.8333333

1D CNN 1:
	CONV1D 32 64 9
	POOL1D 9
	CONV1D 32 64 9
	POOL1D 9
	DENSE 128	

228,810 parameters
45.02 iterations/sec

# LABELS: epoch, loss, acc, val_loss, val_acc
0.000, 0.675, 0.620, 0.579, 0.783
1.000, 0.579, 0.706, 0.533, 0.826
2.000, 0.485, 0.755, 0.471, 0.870
3.000, 0.425, 0.791, 0.420, 0.913
4.000, 0.331, 0.908, 0.336, 0.913
5.000, 0.215, 0.951, 0.254, 0.957
6.000, 0.180, 0.951, 0.295, 0.913
7.000, 0.121, 0.975, 0.209, 0.957
8.000, 0.092, 0.982, 0.172, 0.913
9.000, 0.062, 0.994, 0.166, 0.870
10.000, 0.052, 0.994, 0.164, 0.870
11.000, 0.036, 1.000, 0.155, 0.957
12.000, 0.021, 1.000, 0.170, 0.957
13.000, 0.020, 1.000, 0.178, 0.870
14.000, 0.021, 0.994, 0.161, 0.913
15.000, 0.011, 1.000, 0.159, 0.957
16.000, 0.010, 1.000, 0.174, 0.957
17.000, 0.008, 1.000, 0.187, 0.957
18.000, 0.006, 1.000, 0.174, 0.957
19.000, 0.004, 1.000, 0.200, 0.957
# Test [loss, acc]: 0.33162084, 0.8125

1D CNN 2:
	CONV1D 32 121 9
	POOL1D 9
	CONV1D 32 121 9
	POOL1D 9
	DENSE 128	

284,904 parameters
45.86 iterations/sec

# LABELS: epoch, loss, acc, val_loss, val_acc
0.000, 0.651, 0.644, 0.593, 0.783
1.000, 0.554, 0.718, 0.559, 0.913
2.000, 0.445, 0.804, 0.453, 0.870
3.000, 0.366, 0.853, 0.369, 0.870
4.000, 0.251, 0.920, 0.374, 0.826
5.000, 0.165, 0.969, 0.220, 0.957
6.000, 0.114, 0.988, 0.253, 0.913
7.000, 0.067, 0.994, 0.183, 0.957
8.000, 0.049, 0.994, 0.146, 0.913
9.000, 0.041, 1.000, 0.156, 0.870
10.000, 0.034, 0.994, 0.162, 0.913
11.000, 0.017, 1.000, 0.149, 0.913
12.000, 0.012, 1.000, 0.157, 0.957
13.000, 0.011, 1.000, 0.146, 0.913
14.000, 0.009, 1.000, 0.171, 0.957
15.000, 0.006, 1.000, 0.203, 0.913
16.000, 0.006, 1.000, 0.177, 0.957
17.000, 0.008, 1.000, 0.256, 0.913
18.000, 0.006, 1.000, 0.163, 0.957
19.000, 0.002, 1.000, 0.187, 0.957
# Test [loss, acc]: 0.29315075, 0.875

1D CNN 3:
	CONV1D 32 225 9
	POOL1D 9
	CONV1D 32 225 9
	POOL1D 9
	DENSE 128	

390,634 parameters
48.20 iterations/sec

# LABELS: epoch, loss, acc, val_loss, val_acc
0.000, 0.668, 0.613, 0.591, 0.826
1.000, 0.521, 0.706, 0.528, 0.870
2.000, 0.401, 0.822, 0.408, 0.913
3.000, 0.296, 0.883, 0.316, 0.913
4.000, 0.204, 0.951, 0.251, 0.913
5.000, 0.110, 0.982, 0.157, 0.957
6.000, 0.068, 0.994, 0.167, 0.957
7.000, 0.034, 1.000, 0.143, 0.957
8.000, 0.026, 1.000, 0.161, 0.957
9.000, 0.018, 1.000, 0.149, 0.957
10.000, 0.028, 0.994, 0.133, 0.957
11.000, 0.011, 1.000, 0.147, 0.957
12.000, 0.005, 1.000, 0.155, 0.957
13.000, 0.004, 1.000, 0.141, 0.957
14.000, 0.003, 1.000, 0.153, 0.957
15.000, 0.003, 1.000, 0.161, 0.957
16.000, 0.003, 1.000, 0.163, 0.957
17.000, 0.002, 1.000, 0.173, 0.957
18.000, 0.004, 1.000, 0.156, 0.957
19.000, 0.001, 1.000, 0.154, 0.957
# Test [loss, acc]: 0.27207905, 0.8333333


