Results for ModelNet10 with no augmentations
1 Channeled, 0.7|0.1|0.2 training/validation/test split

3D CNN 1:
	CONV3D 32 4x4x4 2x2x2
	POOL3D 2x2x2
	CONV3D 32 4x4x4 2x2x2
	POOL3D 2x2x2
	DENSE 128	

179,658 parameters
39.57 iterations/sec

# LABELS: epoch, loss, acc, val_loss, val_acc
0.000, 0.637, 0.798, 0.356, 0.902
1.000, 0.272, 0.916, 0.307, 0.908
2.000, 0.182, 0.941, 0.261, 0.927
3.000, 0.123, 0.962, 0.250, 0.927
4.000, 0.091, 0.971, 0.272, 0.920
5.000, 0.060, 0.985, 0.304, 0.935
6.000, 0.050, 0.984, 0.299, 0.931
7.000, 0.042, 0.987, 0.374, 0.910
8.000, 0.035, 0.989, 0.329, 0.918
9.000, 0.034, 0.990, 0.289, 0.937
10.000, 0.026, 0.993, 0.384, 0.922
11.000, 0.028, 0.993, 0.357, 0.924
12.000, 0.017, 0.995, 0.380, 0.916
13.000, 0.024, 0.993, 0.350, 0.920
14.000, 0.020, 0.994, 0.357, 0.924
15.000, 0.018, 0.996, 0.363, 0.927
16.000, 0.018, 0.995, 0.336, 0.929
17.000, 0.017, 0.995, 0.374, 0.935
18.000, 0.018, 0.996, 0.372, 0.935
19.000, 0.015, 0.997, 0.374, 0.939
# Test [loss, acc]: 0.383044, 0.92755103

3D CNN 2:
	CONV3D 32 5x5x5 2x2x2
	POOL3D 2x2x2
	CONV3D 32 5x5x5 2x2x2
	POOL3D 2x2x2
	DENSE 128	

244,074 parameters
41.08 iterations/sec

# LABELS: epoch, loss, acc, val_loss, val_acc
0.000, 0.550, 0.832, 0.318, 0.916
1.000, 0.215, 0.933, 0.265, 0.924
2.000, 0.142, 0.958, 0.276, 0.912
3.000, 0.092, 0.973, 0.258, 0.914
4.000, 0.064, 0.979, 0.323, 0.896
5.000, 0.044, 0.986, 0.284, 0.920
6.000, 0.037, 0.988, 0.354, 0.918
7.000, 0.041, 0.987, 0.270, 0.935
8.000, 0.027, 0.992, 0.392, 0.922
9.000, 0.026, 0.992, 0.381, 0.912
10.000, 0.024, 0.993, 0.355, 0.927
11.000, 0.025, 0.993, 0.478, 0.904
12.000, 0.028, 0.992, 0.354, 0.918
13.000, 0.022, 0.994, 0.307, 0.935
14.000, 0.016, 0.997, 0.325, 0.935
15.000, 0.020, 0.995, 0.303, 0.939
16.000, 0.015, 0.997, 0.320, 0.922
17.000, 0.019, 0.993, 0.322, 0.931
18.000, 0.015, 0.996, 0.324, 0.935
19.000, 0.015, 0.997, 0.325, 0.933
# Test [loss, acc]: 0.3415682, 0.9285714

3D CNN 3:
	CONV3D 32 6x6x6 2x2x2
	POOL3D 2x2x2
	CONV3D 32 6x6x6 2x2x2
	POOL3D 2x2x2
	DENSE 128	

262,346 parameters
39.34 iterations/sec

# LABELS: epoch, loss, acc, val_loss, val_acc
0.000, 0.689, 0.785, 0.425, 0.863
1.000, 0.311, 0.906, 0.355, 0.890
2.000, 0.199, 0.936, 0.317, 0.906
3.000, 0.138, 0.957, 0.326, 0.900
4.000, 0.089, 0.972, 0.392, 0.904
5.000, 0.065, 0.978, 0.385, 0.886
6.000, 0.049, 0.985, 0.380, 0.910
7.000, 0.042, 0.988, 0.428, 0.902
8.000, 0.041, 0.989, 0.762, 0.880
9.000, 0.036, 0.989, 0.403, 0.910
10.000, 0.040, 0.987, 0.375, 0.918
11.000, 0.031, 0.992, 0.425, 0.916
12.000, 0.030, 0.991, 0.414, 0.922
13.000, 0.026, 0.993, 0.385, 0.922
14.000, 0.030, 0.993, 0.417, 0.914
15.000, 0.021, 0.996, 0.475, 0.920
16.000, 0.028, 0.992, 0.423, 0.918
17.000, 0.019, 0.995, 0.503, 0.924
18.000, 0.021, 0.993, 0.522, 0.906
19.000, 0.019, 0.995, 0.475, 0.918
# Test [loss, acc]: 0.41397777, 0.9091837

2D CNN 1:
	CONV2D 32 8x8 3x3
	POOL2D 3x3
	CONV2D 32 8x8 3x3
	POOL2D 3x3
	DENSE 128	

171,466 parameters
{100.85 iterations/sec}

# LABELS: epoch, loss, acc, val_loss, val_acc
0.000, 0.675, 0.796, 0.363, 0.873
1.000, 0.299, 0.912, 0.277, 0.914
2.000, 0.216, 0.935, 0.249, 0.920
3.000, 0.159, 0.951, 0.231, 0.924
4.000, 0.122, 0.964, 0.216, 0.933
5.000, 0.084, 0.975, 0.241, 0.914
6.000, 0.063, 0.982, 0.274, 0.920
7.000, 0.056, 0.985, 0.316, 0.914
8.000, 0.042, 0.990, 0.368, 0.924
9.000, 0.045, 0.988, 0.312, 0.912
10.000, 0.031, 0.992, 0.313, 0.929
11.000, 0.031, 0.992, 0.350, 0.924
12.000, 0.030, 0.992, 0.267, 0.927
13.000, 0.027, 0.993, 0.341, 0.912
14.000, 0.028, 0.994, 0.310, 0.929
15.000, 0.020, 0.996, 0.274, 0.943
16.000, 0.028, 0.994, 0.307, 0.935
17.000, 0.019, 0.996, 0.276, 0.929
18.000, 0.017, 0.997, 0.408, 0.912
19.000, 0.019, 0.996, 0.317, 0.931
# Test [loss, acc]: 0.381121, {0.93265307}

2D CNN 2:
	CONV2D 32 11x11 3x3
	POOL2D 3x3
	CONV2D 32 11x11 3x3
	POOL2D 3x3
	DENSE 128	

231,658 parameters
87.92 iterations/sec

# LABELS: epoch, loss, acc, val_loss, val_acc
0.000, 0.630, 0.814, 0.394, 0.871
1.000, 0.270, 0.917, 0.285, 0.908
2.000, 0.177, 0.943, 0.249, 0.920
3.000, 0.122, 0.964, 0.245, 0.924
4.000, 0.079, 0.980, 0.257, 0.924
5.000, 0.060, 0.981, 0.353, 0.914
6.000, 0.050, 0.987, 0.322, 0.920
7.000, 0.049, 0.987, 0.309, 0.920
8.000, 0.038, 0.990, 0.319, 0.920
9.000, 0.030, 0.993, 0.374, 0.922
10.000, 0.033, 0.992, 0.332, 0.937
11.000, 0.025, 0.994, 0.331, 0.933
12.000, 0.022, 0.994, 0.345, 0.929
13.000, 0.025, 0.994, 0.353, 0.929
14.000, 0.025, 0.994, 0.439, 0.906
15.000, 0.018, 0.995, 0.330, 0.927
16.000, 0.022, 0.995, 0.343, 0.941
17.000, 0.016, 0.996, 0.348, 0.933
18.000, 0.022, 0.994, 0.348, 0.933
19.000, 0.016, 0.997, 0.361, 0.931
# Test [loss, acc]: 0.40233523, 0.9244898

2D CNN 3:
	CONV2D 32 15x15 3x3
	POOL2D 3x3
	CONV2D 32 15x15 3x3
	POOL2D 3x3
	DENSE 128	

304,618 parameters
77.93 iterations/sec

# LABELS: epoch, loss, acc, val_loss, val_acc
0.000, 0.623, 0.805, 0.377, 0.863
1.000, 0.284, 0.908, 0.284, 0.906
2.000, 0.183, 0.942, 0.268, 0.908
3.000, 0.115, 0.964, 0.267, 0.920
4.000, 0.083, 0.974, 0.264, 0.918
5.000, 0.069, 0.979, 0.322, 0.910
6.000, 0.043, 0.990, 0.368, 0.916
7.000, 0.046, 0.987, 0.352, 0.910
8.000, 0.041, 0.991, 0.390, 0.910
9.000, 0.032, 0.993, 0.336, 0.908
10.000, 0.033, 0.991, 0.329, 0.920
11.000, 0.030, 0.991, 0.330, 0.914
12.000, 0.025, 0.993, 0.370, 0.904
13.000, 0.025, 0.995, 0.309, 0.927
14.000, 0.023, 0.996, 0.339, 0.935
15.000, 0.024, 0.996, 0.318, 0.920
16.000, 0.029, 0.993, 0.323, 0.924
17.000, 0.014, 0.996, 0.315, 0.927
18.000, 0.022, 0.996, 0.292, 0.927
19.000, 0.016, 0.996, 0.310, 0.929
# Test [loss, acc]: 0.43879715, 0.91530615

1D CNN 1:
	CONV1D 32 64 9
	POOL1D 9
	CONV1D 32 64 9
	POOL1D 9
	DENSE 128	

228,810 parameters
92.67 iterations/sec

# LABELS: epoch, loss, acc, val_loss, val_acc
0.000, 0.608, 0.813, 0.384, 0.871
1.000, 0.273, 0.914, 0.334, 0.900
2.000, 0.187, 0.942, 0.314, 0.898
3.000, 0.134, 0.959, 0.270, 0.918
4.000, 0.093, 0.973, 0.302, 0.922
5.000, 0.074, 0.979, 0.311, 0.918
6.000, 0.053, 0.983, 0.397, 0.910
7.000, 0.052, 0.984, 0.366, 0.920
8.000, 0.036, 0.992, 0.381, 0.916
9.000, 0.034, 0.992, 0.444, 0.910
10.000, 0.030, 0.991, 0.355, 0.929
11.000, 0.032, 0.992, 0.362, 0.906
12.000, 0.027, 0.994, 0.315, 0.937
13.000, 0.029, 0.992, 0.306, 0.941
14.000, 0.020, 0.995, 0.327, 0.929
15.000, 0.017, 0.996, 0.340, 0.935
16.000, 0.020, 0.995, 0.499, 0.884
17.000, 0.017, 0.995, 0.410, 0.920
18.000, 0.014, 0.997, 0.333, 0.935
19.000, 0.013, 0.997, 0.375, 0.937
# Test [loss, acc]: 0.44860217, 0.9091837

1D CNN 2:
	CONV1D 32 121 9
	POOL1D 9
	CONV1D 32 121 9
	POOL1D 9
	DENSE 128	

284,904 parameters
85.725 iterations/sec

# LABELS: epoch, loss, acc, val_loss, val_acc
0.000, 0.576, 0.821, 0.368, 0.882
1.000, 0.255, 0.921, 0.286, 0.904
2.000, 0.163, 0.946, 0.263, 0.900
3.000, 0.111, 0.964, 0.257, 0.910
4.000, 0.075, 0.976, 0.230, 0.922
5.000, 0.063, 0.983, 0.339, 0.904
6.000, 0.052, 0.988, 0.326, 0.904
7.000, 0.044, 0.988, 0.363, 0.904
8.000, 0.040, 0.987, 0.254, 0.920
9.000, 0.032, 0.990, 0.263, 0.935
10.000, 0.026, 0.993, 0.339, 0.904
11.000, 0.027, 0.994, 0.322, 0.916
12.000, 0.019, 0.997, 0.474, 0.898
13.000, 0.019, 0.995, 0.301, 0.941
14.000, 0.018, 0.995, 0.275, {0.949}
15.000, 0.018, 0.994, 0.283, 0.939
16.000, 0.018, 0.995, 0.265, 0.941
17.000, 0.015, 0.997, 0.301, 0.939
18.000, 0.016, 0.996, 0.382, 0.918
19.000, 0.014, 0.997, 0.292, 0.939
# Test [loss, acc]: 0.4779721, 0.9265306

1D CNN 3:
	CONV1D 32 225 9
	POOL1D 9
	CONV1D 32 225 9
	POOL1D 9
	DENSE 128	

390,634 parameters
76.20 iterations/sec

# LABELS: epoch, loss, acc, val_loss, val_acc
0.000, 0.556, 0.831, 0.340, 0.908
1.000, 0.255, 0.919, 0.261, 0.920
2.000, 0.161, 0.946, 0.212, 0.933
3.000, 0.103, 0.968, 0.211, 0.939
4.000, 0.074, 0.976, 0.222, 0.927
5.000, 0.056, 0.982, 0.255, 0.922
6.000, 0.043, 0.988, 0.226, 0.947
7.000, 0.045, 0.988, 0.229, 0.943
8.000, 0.030, 0.993, 0.247, 0.927
9.000, 0.029, 0.993, 0.303, 0.910
10.000, 0.028, 0.994, 0.250, 0.935
11.000, 0.026, 0.993, 0.368, 0.927
12.000, 0.019, 0.994, 0.373, 0.933
13.000, 0.019, 0.995, 0.340, 0.937
14.000, 0.018, 0.996, 0.304, 0.933
15.000, 0.019, 0.994, 0.439, 0.898
16.000, 0.015, 0.996, 0.374, 0.943
17.000, 0.014, 0.995, 0.359, 0.931
18.000, 0.014, 0.997, 0.357, 0.945
19.000, 0.014, 0.996, 0.387, 0.916
# Test [loss, acc]: 0.42101413, 0.9183673

