Results for T0882_6class with no augmentations
8 Channeled, 0.7|0.1|0.2 training/validation/test split

Network: D2NET_v1
  -185,286 parameters

# LABELS: epoch, loss, acc, val_loss, val_acc
0.000, 0.5554, 0.7718, 0.4741, 0.7949
1.000, 0.4463, 0.8159, 0.4451, 0.8081
2.000, 0.4108, 0.8298, 0.4774, 0.8106
3.000, 0.3866, 0.8401, 0.4847, 0.8129
4.000, 0.3732, 0.8464, 0.5417, 0.8122
5.000, 0.3673, 0.8487, 0.5940, 0.8064
6.000, 0.3625, 0.8521, 0.5479, 0.8044

Network: D2NET_v4
  -295,910 parameters

# LABELS: epoch, loss, acc, val_loss, val_acc
0.000, 0.5464, 0.7758, 0.4718, 0.7978
1.000, 0.4452, 0.8162, 0.4436, 0.8115


Network: D2NET_v5
  -545,798 parameters

# LABELS: epoch, loss, acc, val_loss, val_acc
0.000, 0.5678, 0.7659, 0.4841, 0.7965
1.000, 0.4678, 0.8063, 0.4592, 0.8055
2.000, 0.4280, 0.8235, 0.4585, 0.8083
3.000, 0.4024, 0.8333, 0.4607, 0.8172
4.000, 0.3817, 0.8430, 0.4794, 0.8079
5.000, 0.3664, 0.8509, 0.4757, 0.8125
6.000, 0.3550, 0.8560, 0.5186, 0.8041

Network: D3NET_v1
  -193,478 Parameters

# LABELS: epoch, loss, acc, val_loss, val_acc
0.000, 0.538, 0.780, 0.460, 0.802
1.000, 0.432, 0.823, 0.430, 0.818
2.000, 0.401, 0.834, 0.437, 0.824
3.000, 0.390, 0.839, 0.432, 0.821
4.000, 0.381, 0.843, 0.441, 0.819
5.000, 0.378, 0.846, 0.464, 0.816
6.000, 0.374, 0.848, 0.467, 0.811
7.000, 0.371, 0.850, 0.468, 0.813
8.000, 0.367, 0.851, 0.515, 0.810
9.000, 0.371, 0.851, 0.529, 0.807
10.000, 0.365, 0.853, 0.531, 0.805
11.000, 0.369, 0.853, 0.555, 0.806
12.000, 0.366, 0.854, 0.604, 0.803
13.000, 0.373, 0.852, 0.567, 0.809
14.000, 0.370, 0.853, 0.644, 0.803
15.000, 0.372, 0.854, 0.546, 0.800
16.000, 0.372, 0.853, 0.520, 0.800
17.000, 0.376, 0.853, 0.660, 0.797
18.000, 0.377, 0.852, 0.611, 0.795
19.000, 0.382, 0.852, 0.628, 0.799
# Test [loss, acc]: 0.61623734, 0.8017885
